Predicted_Price_Range,Confidence,Probability_Class_0,Probability_Class_1,Probability_Class_2,Probability_Class_3
3,0.4324866166261209,0.07039907880364582,0.11377758098315692,0.3833367235870762,0.4324866166261209
3,0.5360763200172104,0.06061822569405801,0.11587094158763392,0.28743451270109766,0.5360763200172104
2,0.4567711451779236,0.04504343229302068,0.14318130818172203,0.4567711451779236,0.35500411434733364
3,0.767548539897892,0.04725661193437095,0.05007442654968954,0.13512042161804758,0.767548539897892
1,0.5240315376008685,0.16291583844131796,0.5240315376008685,0.20646477166481284,0.10658785229300065
3,0.5277179146370081,0.07193842538204055,0.09473392479560452,0.305609735185347,0.5277179146370081
3,0.7888329225444857,0.02593507586980581,0.06632972040631616,0.11890228117939242,0.7888329225444857
1,0.5178623698019164,0.1387798821695037,0.5178623698019164,0.2445754991269973,0.09878224890158271
3,0.47147513793306733,0.08779809868464505,0.1516634498871858,0.28906331349510167,0.47147513793306733
0,0.6559362640170857,0.6559362640170857,0.20712432331963998,0.08484406184358095,0.05209535081969314
3,0.7169849906219238,0.05419806082717832,0.07093497237830407,0.1578819761725936,0.7169849906219238
3,0.7228473836504905,0.04287013014636257,0.06549992696454389,0.16878255923860305,0.7228473836504905
0,0.4837773154790733,0.4837773154790733,0.3629220959585784,0.10903961230534931,0.04426097625699899
0,0.6433458053387229,0.6433458053387229,0.2282143657335573,0.07310422004920283,0.05533560887851704
2,0.5209766560600583,0.06860514773396502,0.13666476724235044,0.5209766560600583,0.27375342896362626
0,0.5023735273215826,0.5023735273215826,0.2541848897960109,0.12796741540614423,0.11547416747626248
1,0.36904774445557964,0.1268488630817122,0.36904774445557964,0.3652281046239019,0.1388752878388063
1,0.4264922482041561,0.19603405552309586,0.4264922482041561,0.286201398995325,0.09127229727742295
3,0.6062482359325329,0.06394431269703216,0.10023975465206894,0.22956769671836608,0.6062482359325329
2,0.49760237360878795,0.10169235565684125,0.23903833815725697,0.49760237360878795,0.16166693257711373
1,0.543047997515021,0.27157296580488816,0.543047997515021,0.1368202563115461,0.04855878036854472
3,0.4827227918454698,0.07352403454867733,0.13522498970711963,0.30852818389873327,0.4827227918454698
1,0.42844004238395933,0.1929130408419044,0.42844004238395933,0.2741602143410201,0.104486702433116
1,0.47851454739705374,0.10293500287500804,0.47851454739705374,0.2772829404978804,0.14126750923005774
3,0.6837636534285348,0.04136474876753707,0.08729884374107431,0.18757275406285362,0.6837636534285348
0,0.715912295236359,0.715912295236359,0.1828662585804975,0.05634061762781862,0.044880828555324916
2,0.5331578067140307,0.09654690792661869,0.17423955220376353,0.5331578067140307,0.19605573315558705
0,0.7839065549891893,0.7839065549891893,0.11561612251874362,0.07664552393975613,0.023831798552310768
2,0.44159843633640233,0.10523020861222211,0.12115056837805066,0.44159843633640233,0.33202078667332485
0,0.7684265463788558,0.7684265463788558,0.12384117685795148,0.0721991250925447,0.035533151670647835
2,0.5851340525982136,0.07195165606801257,0.1839709284454432,0.5851340525982136,0.1589433628883305
0,0.6509646685920617,0.6509646685920617,0.1887198400281265,0.10682152245109396,0.05349396892871788
3,0.8174231891590631,0.02180332226361465,0.049405811920632245,0.1113676766566901,0.8174231891590631
0,0.7164555242897132,0.7164555242897132,0.1681061450278282,0.06976094466179737,0.04567738602066136
0,0.45405834200440054,0.45405834200440054,0.39527930696183833,0.10692790957698659,0.04373444145677441
1,0.5218459080593582,0.1892335194219079,0.5218459080593582,0.1942452038565161,0.09467536866221815
3,0.6758505699682756,0.05401777005939632,0.10196381916743297,0.16816784080489516,0.6758505699682756
1,0.4499074492802664,0.1680894048898912,0.4499074492802664,0.2627067690881154,0.11929637674172713
2,0.4601509444031432,0.12072380860751687,0.12340542991119996,0.4601509444031432,0.29571981707814005
1,0.3864961241511443,0.1929350356382676,0.3864961241511443,0.33235794263390717,0.08821089757668082
1,0.5871190189813548,0.16059236645556157,0.5871190189813548,0.15994715379634894,0.09234146076673469
2,0.5510828571710192,0.059440112540549095,0.2151241534438913,0.5510828571710192,0.17435287684454065
0,0.8001772886629215,0.8001772886629215,0.09519762720973897,0.06261394384347369,0.04201114028386603
0,0.6287064238326966,0.6287064238326966,0.20257263862805186,0.10253815906265991,0.06618277847659164
0,0.6092989606037417,0.6092989606037417,0.24880458511457776,0.08895112094546066,0.05294533333621992
0,0.3742990727941266,0.3742990727941266,0.37283867319379055,0.16615688671948425,0.08670536729259867
0,0.4548960999035724,0.4548960999035724,0.38509559461977555,0.11002183184990504,0.049986473626746956
3,0.513741254807422,0.02744862222509495,0.14648269002601252,0.3123274329414703,0.513741254807422
1,0.5709262521212494,0.1366999474126604,0.5709262521212494,0.18577242907396715,0.10660137139212321
2,0.5372436201935913,0.07529942761485393,0.16888507537091704,0.5372436201935913,0.2185718768206379
1,0.3650913919881787,0.11996876838092517,0.3650913919881787,0.3560449243278621,0.15889491530303387
0,0.7679514489152524,0.7679514489152524,0.1315355235988234,0.06257984443617992,0.037933183049744204
3,0.5695304020213459,0.037850642029581036,0.09817923288671063,0.29443972306236244,0.5695304020213459
0,0.5434391004670748,0.5434391004670748,0.30787201452102325,0.11268963465906305,0.03599925035283906
3,0.7967369614843106,0.02884892254110741,0.06583601577263662,0.10857810020194543,0.7967369614843106
1,0.40659304963417303,0.32754898711512553,0.40659304963417303,0.16558101527695232,0.10027694797374914
3,0.7740622789472709,0.015101258772622162,0.07080165155140276,0.14003481072870433,0.7740622789472709
1,0.5857130382635033,0.16102376484773817,0.5857130382635033,0.19137046491860168,0.0618927319701569
1,0.4639339724498031,0.2891961376439481,0.4639339724498031,0.1904420256786857,0.05642786422756297
3,0.6698446071177725,0.05490934105196485,0.07819373341202544,0.1970523184182373,0.6698446071177725
3,0.7471493691504815,0.03157806378543153,0.07183604593459958,0.1494365211294875,0.7471493691504815
2,0.40983040121566316,0.08722579147746007,0.15273101285575721,0.40983040121566316,0.3502127944511193
0,0.5452645623438839,0.5452645623438839,0.26618153813646844,0.12314350295158881,0.06541039656805885
1,0.4395798932895438,0.14245709900464,0.4395798932895438,0.318083473316701,0.09987953438911537
1,0.43679417179784535,0.32991690724183415,0.43679417179784535,0.1525417528193439,0.08074716814097681
1,0.45051465783985384,0.20039577938438813,0.45051465783985384,0.253105971308443,0.09598359146731499
1,0.45140856848686745,0.14282197376368552,0.45140856848686745,0.27169722293533877,0.13407223481410824
3,0.45684399162748657,0.05337554821712431,0.13140023764294917,0.35838022251244,0.45684399162748657
1,0.5326777567838331,0.18673037086196942,0.5326777567838331,0.20629986043400683,0.07429201192019082
1,0.40843310832346696,0.06861873442817931,0.40843310832346696,0.3691607203316374,0.1537874369167163
1,0.508657451356025,0.17426004010554683,0.508657451356025,0.20685818387823635,0.11022432466019161
2,0.4759431411393053,0.08401256589162037,0.25288981201579963,0.4759431411393053,0.1871544809532746
2,0.47796688400171194,0.07526121572681252,0.22106282460526644,0.47796688400171194,0.22570907566620899
3,0.8375439853515367,0.01982808730948023,0.052537106434366744,0.09009082090461634,0.8375439853515367
3,0.8167222738731102,0.04173213143226774,0.05234609947362942,0.08919949522099238,0.8167222738731102
0,0.7175327186669235,0.7175327186669235,0.16653067918739037,0.06650068539938746,0.0494359167462988
2,0.46301404309170735,0.08176312438701043,0.23705460496930533,0.46301404309170735,0.2181682275519767
0,0.64257581802212,0.64257581802212,0.19485654459298585,0.09959104279353932,0.06297659459135467
2,0.5014079394885217,0.06832709764991929,0.26598719228414547,0.5014079394885217,0.16427777057741358
3,0.6391858388231398,0.05508356446450621,0.09130065366212176,0.21442994305023216,0.6391858388231398
0,0.46284348064716613,0.46284348064716613,0.3129426724199217,0.14474725878726255,0.07946658814564961
3,0.6254443439972668,0.04700116582022901,0.12613388692706445,0.20142060325543973,0.6254443439972668
3,0.6987982837736746,0.04326221451110814,0.09476324500906128,0.16317625670615576,0.6987982837736746
0,0.6940261864261507,0.6940261864261507,0.17778138812376512,0.08440519665412857,0.0437872287959558
3,0.6156425819100277,0.04954321079894642,0.11393290761888217,0.2208812996721435,0.6156425819100277
0,0.5549118713074479,0.5549118713074479,0.21819265150244224,0.14466955144426843,0.08222592574584157
3,0.486074456214703,0.0856389017196295,0.12967464404367182,0.29861199802199545,0.486074456214703
1,0.5150831102488005,0.24287859157325795,0.5150831102488005,0.1701344944939513,0.07190380368399016
3,0.4186328975816406,0.06019372754189095,0.12892773945673303,0.3922456354197354,0.4186328975816406
0,0.6107494500116886,0.6107494500116886,0.21796437727398263,0.11620342007054925,0.05508275264377981
1,0.5184916452031388,0.16972921861530538,0.5184916452031388,0.22436784023117895,0.08741129595037687
1,0.3797988017637293,0.152189316125575,0.3797988017637293,0.3169683727060169,0.1510435094046789
2,0.4723165925823026,0.07539895670188496,0.15732902466837978,0.4723165925823026,0.29495542604743274
1,0.42962020198922213,0.2937085001514354,0.42962020198922213,0.19029516349823228,0.08637613436111016
2,0.49081950059396456,0.0790659136694891,0.24937091386680751,0.49081950059396456,0.1807436718697389
1,0.42804592951888687,0.10388447327986026,0.42804592951888687,0.35984443751321854,0.10822515968803433
0,0.4778397952646119,0.4778397952646119,0.3279416626062979,0.12109198580570579,0.07312655632338425
2,0.492435767219052,0.07931367096874804,0.21981717374243995,0.492435767219052,0.20843338806976
1,0.5298970085541003,0.15522365374884223,0.5298970085541003,0.21490468928066608,0.09997464841639139
2,0.3771084420661841,0.07597001665907896,0.17136106770501836,0.3771084420661841,0.37556047356971844
1,0.5147840404999161,0.23013591972948755,0.5147840404999161,0.15784712669577197,0.09723291307482432
0,0.6194789138457027,0.6194789138457027,0.23056235714601386,0.10635032894673546,0.043608400061547786
0,0.7363199981068468,0.7363199981068468,0.1375958491580705,0.08254722598980332,0.04353692674527924
3,0.6189391819892913,0.024636047691202242,0.07468880508462995,0.2817359652348765,0.6189391819892913
1,0.4669447672849717,0.2907480475380794,0.4669447672849717,0.1604634403466845,0.08184374483026441
2,0.5199674776018499,0.07214643446407674,0.1752309455241763,0.5199674776018499,0.23265514240989707
0,0.4772238543116807,0.4772238543116807,0.3476300590513544,0.09874120070206054,0.07640488593490408
1,0.4617464111897418,0.26653302445299243,0.4617464111897418,0.1692773856747921,0.10244317868247356
2,0.4881798421986892,0.04971167994719163,0.19765518684779873,0.4881798421986892,0.26445329100632053
3,0.4896052505595388,0.07675116021188803,0.1199202001163272,0.313723389112246,0.4896052505595388
3,0.5841888469481823,0.06387676570649944,0.11914243337628172,0.23279195396903646,0.5841888469481823
3,0.46516899526602046,0.06478203621593229,0.12492424047862835,0.34512472803941896,0.46516899526602046
1,0.47935320863866826,0.15973867758809526,0.47935320863866826,0.21303147068879255,0.14787664308444406
3,0.726404851555676,0.029947164682568153,0.07497499362694998,0.1686729901348058,0.726404851555676
3,0.7525023231047975,0.027331373423251253,0.06265054910298885,0.15751575436896242,0.7525023231047975
3,0.619287263838565,0.06336945200566416,0.09184839572793173,0.22549488842783916,0.619287263838565
3,0.651013850989775,0.0629911173402472,0.09569192220362481,0.1903031094663529,0.651013850989775
1,0.44801359754399456,0.12750950855345597,0.44801359754399456,0.2551940316653821,0.16928286223716718
3,0.6708318305625471,0.07542827702245963,0.09643868701667042,0.15730120539832296,0.6708318305625471
0,0.6178856246281471,0.6178856246281471,0.2607926763527642,0.08083966398819488,0.040482035030893745
0,0.646968990305383,0.646968990305383,0.20581209708781706,0.09104664654083784,0.05617226606596201
3,0.4301773983600256,0.08009119558383442,0.12348771260103861,0.3662436934551013,0.4301773983600256
2,0.47757492438357085,0.08932751280155865,0.22241909626791367,0.47757492438357085,0.21067846654695685
1,0.4557334017754232,0.13751214908949674,0.4557334017754232,0.25086241006592597,0.15589203906915428
1,0.395230455402668,0.14452532552670802,0.395230455402668,0.29808204362872626,0.16216217544189765
0,0.47362287922346513,0.47362287922346513,0.3989149920588925,0.09772060982411805,0.029741518893524225
3,0.7343482190787788,0.059144845935840434,0.08328305394934649,0.12322388103603425,0.7343482190787788
2,0.4537210543636018,0.09052803546074786,0.17216813317812743,0.4537210543636018,0.28358277699752277
3,0.5301183304983108,0.045194656840167255,0.06363279064311875,0.3610542220184032,0.5301183304983108
1,0.463847281381791,0.12157811654400782,0.463847281381791,0.306492525994523,0.1080820760796782
0,0.8137701825564547,0.8137701825564547,0.09169796232668594,0.06466099829710303,0.02987085681975624
2,0.40851684241147057,0.10139007273983532,0.3236293169381457,0.40851684241147057,0.16646376791054834
1,0.44188582925161873,0.15077165946093454,0.44188582925161873,0.32971085479349105,0.07763165649395579
1,0.4728363783501923,0.2187458858798188,0.4728363783501923,0.23477256976423821,0.07364516600575045
3,0.611980974682167,0.04097564240949253,0.09646965357580785,0.2505737293325326,0.611980974682167
1,0.433638137459321,0.31736350956210047,0.433638137459321,0.17326216282339682,0.07573619015518188
1,0.42694108056977925,0.14347262893880294,0.42694108056977925,0.3444857560173076,0.08510053447411041
0,0.6878980967889742,0.6878980967889742,0.19558026492242422,0.07048006257507082,0.04604157571353087
3,0.571051962170825,0.08046519595700131,0.1170976571551309,0.23138518471704306,0.571051962170825
2,0.49377086563164824,0.09631566274338206,0.16491389248503155,0.49377086563164824,0.24499957913993814
1,0.5354492637208317,0.15006979458808495,0.5354492637208317,0.2210682429141628,0.09341269877692043
3,0.455665334091061,0.05086564212750997,0.11992351718900678,0.3735455065924223,0.455665334091061
2,0.4934808258628624,0.09657728570053901,0.3027547938995953,0.4934808258628624,0.10718709453700319
3,0.4006764946062794,0.040562027168115244,0.18333109959394014,0.3754303786316652,0.4006764946062794
2,0.48361764963400944,0.08695537060138708,0.1362045685356497,0.48361764963400944,0.29322241122895376
3,0.6973090801862238,0.04491625926771797,0.061022582858065125,0.19675207768799308,0.6973090801862238
3,0.7575925706056981,0.05425441823851238,0.04215325788486753,0.14599975327092218,0.7575925706056981
2,0.43197878921056165,0.0722434208628853,0.14419288788553386,0.43197878921056165,0.3515849020410192
2,0.5143910439048373,0.1044698573968199,0.21326155148439077,0.5143910439048373,0.1678775472139523
3,0.7222021389722283,0.04674262781305412,0.07907373579161196,0.15198149742310543,0.7222021389722283
2,0.49852677742675655,0.058970355155086134,0.15917923671022705,0.49852677742675655,0.2833236307079306
3,0.7384760538858747,0.05121361497738395,0.058121594159569356,0.15218873697717192,0.7384760538858747
0,0.4929290752991904,0.4929290752991904,0.28811311990454164,0.13189949316465838,0.08705831163160967
0,0.6265416175146082,0.6265416175146082,0.24155284195210183,0.09264549859217,0.039260041941119914
2,0.3978194533392026,0.036533526558885,0.17282689926377862,0.3978194533392026,0.3928201208381338
2,0.540770753067917,0.0698791664052522,0.22198082968299,0.540770753067917,0.16736925084384116
3,0.8526012559241459,0.018056725104878327,0.048509731578856866,0.08083228739211873,0.8526012559241459
3,0.7564973758051116,0.05366314806284501,0.06339672810309586,0.1264427480289472,0.7564973758051116
3,0.6200128955716926,0.07634035038716365,0.07571741344568098,0.22792934059546294,0.6200128955716926
3,0.4936960303930639,0.08416550784740226,0.15275207794847068,0.26938638381106317,0.4936960303930639
3,0.4098398650841212,0.07897217780128148,0.12881459324976346,0.3823733638648337,0.4098398650841212
2,0.4652998606260428,0.10095128747695441,0.18780915678323049,0.4652998606260428,0.24593969511377253
3,0.6165498325052061,0.06021945423636908,0.09652466981348899,0.22670604344493572,0.6165498325052061
3,0.6620965248667824,0.05140161684815443,0.06923510082036533,0.21726675746469773,0.6620965248667824
3,0.7747089201233045,0.014648198197825374,0.05823155773441296,0.15241132394445706,0.7747089201233045
3,0.4826486772098116,0.06875931898054344,0.1569755744389579,0.2916164293706871,0.4826486772098116
1,0.4119178201300776,0.35486391319723604,0.4119178201300776,0.14410386380485318,0.08911440286783329
0,0.7660652514263374,0.7660652514263374,0.1424636739373018,0.06927369235850847,0.02219738227785206
3,0.6736914463849993,0.02309648755448003,0.13099894475521828,0.1722131213053024,0.6736914463849993
0,0.7669388172897613,0.7669388172897613,0.13375255922972407,0.07852653067976272,0.020782092800751734
0,0.7800439775436435,0.7800439775436435,0.06733253205639553,0.11799791696081159,0.03462557343914952
0,0.5892634200852858,0.5892634200852858,0.2634960969672991,0.09646536340226114,0.0507751195451541
1,0.5561027572138254,0.120963304449974,0.5561027572138254,0.21254572213786102,0.11038821619833954
1,0.4170056041051714,0.3625128373342343,0.4170056041051714,0.11754651272838615,0.10293504583220826
0,0.7355308474116586,0.7355308474116586,0.15985990906888703,0.06670566185598703,0.0379035816634671
1,0.48415482136808025,0.1337407097084078,0.48415482136808025,0.28191048200086166,0.10019398692265039
0,0.6103543322951994,0.6103543322951994,0.27397679713512785,0.07183545978282063,0.043833410786852475
0,0.5038526114439812,0.5038526114439812,0.28133827399304184,0.1282716455775272,0.08653746898544977
1,0.4983724509969874,0.22056611128318665,0.4983724509969874,0.22762605334162445,0.05343538437820154
2,0.5010521065720899,0.07833033447800888,0.16604892244653527,0.5010521065720899,0.254568636503366
0,0.36117852297743397,0.36117852297743397,0.3484840854780336,0.21066793420741128,0.07966945733712115
0,0.8054569407819143,0.8054569407819143,0.1100681874488613,0.05817438053883916,0.026300491230385182
0,0.648805085941577,0.648805085941577,0.24926923385299468,0.07772142873810366,0.024204251467324456
1,0.3929997225692558,0.37137161129182905,0.3929997225692558,0.15297488671293893,0.0826537794259761
2,0.4667431212177867,0.10870672482239391,0.3039907353292808,0.4667431212177867,0.12055941863053855
3,0.4068376281525652,0.0627660517281355,0.13675850786806748,0.3936378122512317,0.4068376281525652
2,0.4600503584456254,0.0901604580280852,0.30765237215948704,0.4600503584456254,0.14213681136680212
1,0.49606903563254967,0.13823629556543915,0.49606903563254967,0.28318106717356184,0.08251360162844926
0,0.6268440170995018,0.6268440170995018,0.2216683430247614,0.10543388833617674,0.04605375153956018
0,0.6058176002100725,0.6058176002100725,0.22493058502989577,0.11958250105725712,0.04966931370277457
0,0.7062771024139164,0.7062771024139164,0.19955822283474325,0.06156550622712355,0.03259916852421663
1,0.44871633840137615,0.3367352098657295,0.44871633840137615,0.13983293120765108,0.07471552052524343
0,0.5048735865164395,0.5048735865164395,0.28696127511576347,0.13909315686710708,0.06907198150068991
3,0.7525836898714136,0.037913823858541744,0.05622832804943727,0.15327415822060747,0.7525836898714136
1,0.42056489787281875,0.19611831230043036,0.42056489787281875,0.2755392083785691,0.10777758144818156
0,0.6333044100877273,0.6333044100877273,0.2262101029930532,0.09111398780212308,0.04937149911709643
2,0.4979231436317012,0.055086870680817836,0.12032332156867336,0.4979231436317012,0.32666666411880757
2,0.39524911742824304,0.12044178936733814,0.3272008776605086,0.39524911742824304,0.15710821554391027
2,0.392092522315627,0.056651035890510695,0.16935986441271939,0.392092522315627,0.3818965773811428
3,0.5277770850162112,0.06922594505165222,0.13717630188224775,0.26582066804988874,0.5277770850162112
1,0.5029592212302969,0.19796333734503924,0.5029592212302969,0.20110687077005962,0.09797057065460418
2,0.41557362242915963,0.11591566109696995,0.28191489232571876,0.41557362242915963,0.1865958241481515
3,0.47797909300513053,0.04435212424732917,0.11460248173594266,0.3630663010115975,0.47797909300513053
3,0.5021317810793988,0.06975917007128957,0.1324528091609592,0.2956562396883525,0.5021317810793988
3,0.5041775814504311,0.05694008528641715,0.1439753602239859,0.2949069730391657,0.5041775814504311
2,0.41429320103277517,0.08572961639632223,0.3550369501046315,0.41429320103277517,0.14494023246627116
2,0.4713454251615951,0.09472511126341489,0.25956405850583464,0.4713454251615951,0.1743654050691554
1,0.37048794062556256,0.3536828607333113,0.37048794062556256,0.15250499358022251,0.12332420506090372
0,0.5914135368981267,0.5914135368981267,0.2195960672340346,0.12041066404419037,0.0685797318236483
0,0.4994316984816449,0.4994316984816449,0.3677585964582618,0.09854044004316,0.03426926501693344
1,0.48085966126273194,0.19054289907168673,0.48085966126273194,0.1842132906679625,0.14438414899761873
3,0.4682027838464956,0.05060539065741312,0.12763270391498602,0.3535591215811052,0.4682027838464956
0,0.4225734807634876,0.4225734807634876,0.37627761711770724,0.12246897726193418,0.07867992485687114
2,0.4187296127905739,0.07201563991095739,0.14770345594809556,0.4187296127905739,0.36155129135037334
3,0.5385606431423431,0.07812740573675249,0.08242372080061379,0.3008882303202907,0.5385606431423431
3,0.663771885732994,0.038378478713124935,0.10778480634265009,0.19006482921123108,0.663771885732994
0,0.7147088437300191,0.7147088437300191,0.16941168130110323,0.06424385198844951,0.05163562298042815
2,0.507344632628843,0.09311700437218812,0.2057662071972602,0.507344632628843,0.1937721558017086
0,0.6299937228167343,0.6299937228167343,0.20166247972769502,0.10050621326569602,0.0678375841898744
3,0.7031813317594137,0.053731534682346614,0.08107139825714643,0.16201573530109326,0.7031813317594137
2,0.5166340265968355,0.11433469759490783,0.21947225321645447,0.5166340265968355,0.14955902259180218
3,0.4198517194532085,0.07734368329619792,0.10716499613817079,0.39563960111242275,0.4198517194532085
3,0.5743746380598642,0.02855901366593216,0.0821468786994531,0.31491946957475087,0.5743746380598642
0,0.5132160414010027,0.5132160414010027,0.2608407981064303,0.16876496243527206,0.0571781980572951
0,0.6501068162631447,0.6501068162631447,0.1726748620191492,0.0991789136285406,0.07803940808916546
1,0.5136313739851063,0.2215504025712773,0.5136313739851063,0.20361743372076385,0.06120078972285272
0,0.5167946528535163,0.5167946528535163,0.25987007010463536,0.14021025738333306,0.08312501965851526
3,0.4809079567143739,0.08276292817932292,0.1437830154688178,0.2925460996374852,0.4809079567143739
0,0.6592578064960694,0.6592578064960694,0.20956490700921496,0.07144643904788583,0.059730847446830014
1,0.42434411068877576,0.16525143336544526,0.42434411068877576,0.29930122819000426,0.11110322775577462
0,0.644733371635586,0.644733371635586,0.18411145289184871,0.06856371097593764,0.10259146449662784
2,0.46994900375286947,0.07421016239140248,0.17950803121583525,0.46994900375286947,0.2763328026398928
2,0.5097029298993087,0.13346261756892225,0.2477465606308782,0.5097029298993087,0.10908789190089077
1,0.5493613418050107,0.20707968888224207,0.5493613418050107,0.17757994875617678,0.0659790205565701
3,0.5194490864555863,0.08410885519485037,0.14795392479059052,0.24848813355897256,0.5194490864555863
0,0.4920403875320084,0.4920403875320084,0.30630735246552365,0.13299261195110934,0.06865964805135859
3,0.437569167533583,0.0744975542376832,0.14600020776590217,0.34193307046283145,0.437569167533583
0,0.7592322952076525,0.7592322952076525,0.11542344069872441,0.0568585514274348,0.06848571266618815
3,0.5547339509781795,0.07816873182510661,0.13851484583068527,0.22858247136602866,0.5547339509781795
1,0.5283872028243821,0.19939366336673595,0.5283872028243821,0.2031715783708869,0.06904755543799497
2,0.5075695050713778,0.07015890336697148,0.2159241444969706,0.5075695050713778,0.20634744706467992
0,0.7634149159245663,0.7634149159245663,0.13016801964847968,0.07542561931453372,0.03099144511242015
0,0.6694511690274513,0.6694511690274513,0.22897433217014804,0.04927492388930914,0.05229957491309163
2,0.4864909333235686,0.11732472553626842,0.20309469126811622,0.4864909333235686,0.19308964987204694
1,0.4480411157205681,0.32276834003830146,0.4480411157205681,0.16715760632218588,0.06203293791894456
3,0.43554991519250635,0.057297735432765375,0.14024680810529644,0.36690554126943176,0.43554991519250635
3,0.4334057611850438,0.0340483809854671,0.1212277273949529,0.4113181304345362,0.4334057611850438
3,0.6117199772096658,0.0608093835765682,0.0996397198673041,0.2278309193464617,0.6117199772096658
1,0.45968550371907857,0.17081110602712798,0.45968550371907857,0.2806142396706004,0.08888915058319286
1,0.5107794579189213,0.1509593710647141,0.5107794579189213,0.22048338181393748,0.11777778920242726
3,0.5863824523667399,0.10566884924006803,0.11516054505681757,0.19278815333637447,0.5863824523667399
0,0.6858721006170491,0.6858721006170491,0.21616287807525997,0.06650247264124994,0.03146254866644109
0,0.8050491901992998,0.8050491901992998,0.11113288023874887,0.050226224813513146,0.03359170474843807
2,0.5393853483819004,0.06721578021596142,0.14592590120414278,0.5393853483819004,0.2474729701979952
3,0.5309189084525564,0.06306686797261078,0.11662049840738783,0.28939372516744494,0.5309189084525564
3,0.5931519672986917,0.06190678890996271,0.09904451778083011,0.2458967260105155,0.5931519672986917
1,0.5614650822197644,0.14520431491631716,0.5614650822197644,0.19981241112548567,0.09351819173843282
3,0.705000249926365,0.028216045223443453,0.058174778384315846,0.20860892646587562,0.705000249926365
1,0.4232806575471269,0.17424985053432462,0.4232806575471269,0.2706885367141143,0.1317809552044345
1,0.43827286241007163,0.3185578785350405,0.43827286241007163,0.13918285542575345,0.1039864036291343
3,0.6279535043164765,0.058618957302058676,0.09263232151247039,0.22079521686899464,0.6279535043164765
2,0.5297273943989049,0.09643753966932658,0.18099310701758678,0.5297273943989049,0.1928419589141819
1,0.521467516017646,0.18719801610112657,0.521467516017646,0.21791647945733794,0.07341798842388911
2,0.45575762164242867,0.11293835359376857,0.15895758467296414,0.45575762164242867,0.27234644009083864
3,0.7917161133231879,0.022994138918590992,0.06614326889931813,0.11914647885890264,0.7917161133231879
3,0.4778150822304227,0.05347229079807098,0.1701436420146647,0.29856898495684164,0.4778150822304227
3,0.7711413026898485,0.03635314910734541,0.06154559440113887,0.13095995380166714,0.7711413026898485
1,0.41471827764078606,0.19604588630196285,0.41471827764078606,0.2499906143775863,0.13924522167966472
0,0.5037987897389185,0.5037987897389185,0.257799434408924,0.15825320624740655,0.08014856960475092
1,0.45248197732222856,0.29581340189551936,0.45248197732222856,0.18167909639644153,0.07002552438581036
2,0.3979590649790079,0.13289239770347044,0.34165543420501293,0.3979590649790079,0.12749310311250872
3,0.5637597679656831,0.07322337024384558,0.11513710286452944,0.2478797589259418,0.5637597679656831
1,0.4374903715022959,0.13377547615282856,0.4374903715022959,0.30945825824405576,0.11927589410081975
1,0.5388220691526253,0.19579113562365152,0.5388220691526253,0.1936463112969038,0.07174048392681927
3,0.6853950848293227,0.0478945186862155,0.10643788985429449,0.16027250663016726,0.6853950848293227
2,0.55467954660122,0.06689938949267846,0.21436339693904305,0.55467954660122,0.16405766696705826
0,0.4733900742442055,0.4733900742442055,0.3047539596427981,0.14247286859534355,0.07938309751765293
3,0.562156692930987,0.05622324993233705,0.0929548696091916,0.2886651875274844,0.562156692930987
0,0.7001876119702065,0.7001876119702065,0.16824960866259697,0.10808490204263857,0.02347787732455783
1,0.5400323406095962,0.25223426032434054,0.5400323406095962,0.13771306204315867,0.07002033702290465
2,0.4732120473331577,0.05770937323290104,0.1427286009753262,0.4732120473331577,0.32634997845861513
0,0.5753508707525039,0.5753508707525039,0.26290925222433725,0.11038570149375455,0.051354175529404286
0,0.7612492720094813,0.7612492720094813,0.14417004789558557,0.07120025276350707,0.023380427331426184
3,0.7780731055908265,0.029150180621129094,0.05710384722602333,0.135672866562021,0.7780731055908265
2,0.46387544193503305,0.06098110670309629,0.10398220644795174,0.46387544193503305,0.37116124491391894
3,0.627879117683722,0.051182102909047976,0.09142347140793283,0.22951530799929715,0.627879117683722
3,0.5557434667196905,0.03839447373127925,0.09866811319908267,0.3071939463499477,0.5557434667196905
2,0.48347828639463813,0.07656713042730018,0.171982834031527,0.48347828639463813,0.2679717491465347
1,0.45528160751732877,0.28793087381701254,0.45528160751732877,0.19159072779528635,0.06519679087037228
3,0.5901617069394367,0.05961313060354418,0.12276117083155583,0.22746399162546319,0.5901617069394367
3,0.5654241407664702,0.04010376792772668,0.11448309587237886,0.27998899543342426,0.5654241407664702
2,0.5353887832931045,0.06136040111136207,0.18367221554944385,0.5353887832931045,0.21957860004608964
3,0.7108456419129027,0.037158894288449255,0.08653393995843416,0.16546152384021384,0.7108456419129027
2,0.524834249326257,0.10868349111688298,0.24540861060867197,0.524834249326257,0.12107364894818806
2,0.5367877477943027,0.047966252793789105,0.16984813109604877,0.5367877477943027,0.2453978683158595
1,0.5467442647430688,0.21813126170183975,0.5467442647430688,0.16705049277414666,0.06807398078094465
1,0.4226363217933188,0.10960830124605163,0.4226363217933188,0.33403884519713556,0.13371653176349368
0,0.7394771695823187,0.7394771695823187,0.17313618989184693,0.05005851082349336,0.03732812970234073
2,0.46720660666976843,0.06882095880179655,0.15466146103639633,0.46720660666976843,0.30931097349203884
3,0.6355723191779464,0.06286607713261672,0.08604868890408998,0.21551291478534684,0.6355723191779464
1,0.501924627435708,0.19166421570431283,0.501924627435708,0.21457092512030168,0.09184023173967752
0,0.7469720597842007,0.7469720597842007,0.17001382243851446,0.0557472800109686,0.027266837766316207
0,0.4985325114945372,0.4985325114945372,0.3071669830338744,0.09551739877600748,0.09878310669558112
3,0.7098549484259788,0.05341700436524339,0.06624277497742789,0.17048527223135004,0.7098549484259788
0,0.6481768080506239,0.6481768080506239,0.23965080789056978,0.06969004222514238,0.04248234183366401
3,0.8089821877658497,0.019698213072923257,0.0531952007509319,0.11812439841029508,0.8089821877658497
0,0.6616020561007397,0.6616020561007397,0.25135791450826206,0.052744712583114424,0.03429531680788371
1,0.4455061486568891,0.33295091228711804,0.4455061486568891,0.15378653489096086,0.06775640416503192
2,0.42842147044212964,0.10414534902091872,0.33250127309155153,0.42842147044212964,0.1349319074454
0,0.6451560052040461,0.6451560052040461,0.21621695833339533,0.07213970882246698,0.06648732764009148
2,0.48625560285967706,0.08147515999154596,0.29209228809268256,0.48625560285967706,0.14017694905609432
3,0.41596198536511414,0.0863827252728868,0.12919097352183695,0.36846431584016204,0.41596198536511414
1,0.5100300009268686,0.21350015511834783,0.5100300009268686,0.19848827038717975,0.07798157356760377
3,0.7283564024365142,0.03172908386163754,0.05732530260378106,0.18258921109806706,0.7283564024365142
2,0.354220958861449,0.085680858699485,0.34489637177993443,0.354220958861449,0.21520181065913174
2,0.5139645270760053,0.07424957316834431,0.15147182504243956,0.5139645270760053,0.2603140747132107
0,0.4636270690373589,0.4636270690373589,0.37408673096231637,0.0990374371967674,0.0632487628035572
2,0.42907156346184167,0.06180194219668118,0.15424274967449855,0.42907156346184167,0.3548837446669787
0,0.7365464018088694,0.7365464018088694,0.1684580031676694,0.0686023826911894,0.026393212332271657
0,0.6803617636450175,0.6803617636450175,0.16866709687019057,0.09508996455918287,0.05588117492560887
0,0.6019404769306488,0.6019404769306488,0.2088879350785192,0.10724277866888107,0.08192880932195098
1,0.4648864494357482,0.3431648964308313,0.4648864494357482,0.11356345420587331,0.0783851999275471
3,0.5959914036000974,0.06928427025027148,0.11262693713233672,0.2220973890172943,0.5959914036000974
2,0.3725799356369386,0.13088838041567868,0.3401365305958818,0.3725799356369386,0.156395153351501
0,0.6308141531015362,0.6308141531015362,0.24705869342282719,0.06329682434796247,0.05883032912767406
0,0.4369832302410373,0.4369832302410373,0.33845406563909786,0.14872332155341778,0.07583938256644711
0,0.8256477555262464,0.8256477555262464,0.08968971660995996,0.05980969323893804,0.02485283462485575
3,0.4773161466913457,0.08689937445769427,0.14518920207674774,0.2905952767742121,0.4773161466913457
1,0.3765025102003177,0.14008260461061103,0.3765025102003177,0.3421657166595582,0.14124916852951297
0,0.4948348742282586,0.4948348742282586,0.3389088468844708,0.12071612630611118,0.04554015258115931
3,0.4812920302397314,0.0846319995980873,0.10757336675465196,0.32650260340752935,0.4812920302397314
3,0.7418472756580747,0.0457639386031291,0.08391429431970109,0.12847449141909498,0.7418472756580747
1,0.48437890798880134,0.3330250660093552,0.48437890798880134,0.13194498531601095,0.05065104068583246
2,0.4800063795823543,0.08610797695554305,0.1231974456823232,0.4800063795823543,0.31068819777977935
3,0.4124269503787846,0.09001079091407485,0.1897781522267486,0.3077841064803919,0.4124269503787846
2,0.48049515447623525,0.09975054729815098,0.1929049829357595,0.48049515447623525,0.2268493152898543
3,0.6150512991892935,0.052517011083739344,0.12015949847537198,0.21227219125159513,0.6150512991892935
1,0.4327045882988149,0.1871281793587647,0.4327045882988149,0.24497609010504695,0.1351911422373735
3,0.5831654869372668,0.05882504638192784,0.10594011288305395,0.2520693537977513,0.5831654869372668
3,0.7848732849573675,0.04505325657310824,0.03306809721547305,0.13700536125405127,0.7848732849573675
2,0.5278836554763885,0.10194937040239975,0.23657188180061933,0.5278836554763885,0.13359509232059236
2,0.5703290716654708,0.0412418217865862,0.17051259098271224,0.5703290716654708,0.2179165155652308
3,0.4276073071957623,0.07686826947494095,0.10561502878282218,0.3899093945464744,0.4276073071957623
3,0.4772764411423218,0.07079353531787101,0.10680460099525735,0.34512542254454964,0.4772764411423218
3,0.7008523817558705,0.02973056520384862,0.0700432019148009,0.19937385112547987,0.7008523817558705
1,0.44087161694592125,0.3346304124636945,0.44087161694592125,0.1405064344217553,0.08399153616862888
3,0.7236620416349265,0.04552246059862525,0.08110357466683088,0.14971192309961714,0.7236620416349265
0,0.5762999057805694,0.5762999057805694,0.2702787774945914,0.10031867026747555,0.05310264645736393
3,0.5072618678852465,0.052452267282347004,0.12533896640736816,0.3149468984250382,0.5072618678852465
1,0.4465785380910369,0.14095738773898245,0.4465785380910369,0.2647800813885729,0.14768399278140795
3,0.6977091923463753,0.04464181133924364,0.06125180978947324,0.1963971865249076,0.6977091923463753
1,0.44759345447548904,0.13936216658451003,0.44759345447548904,0.3082815257591639,0.10476285318083713
3,0.3974533826243998,0.06470391936380847,0.16093659608476257,0.3769061019270291,0.3974533826243998
3,0.6295096542389349,0.01930763208947542,0.09854908646583253,0.25263362720575727,0.6295096542389349
0,0.7248106473009767,0.7248106473009767,0.1701073031495875,0.05824473194100157,0.046837317608434265
1,0.5187697912870936,0.12584444452685073,0.5187697912870936,0.2565026188215213,0.0988831453645343
1,0.4811602119166224,0.26652854755252725,0.4811602119166224,0.1809280294964723,0.07138321103437793
3,0.5344182071606667,0.08317344104997502,0.09244961603247408,0.2899587357568842,0.5344182071606667
1,0.5414818248375363,0.17176214021029282,0.5414818248375363,0.219122029357901,0.06763400559426998
3,0.5898603905977255,0.06445946250459894,0.12557100455883957,0.22010914233883586,0.5898603905977255
1,0.3653008903172218,0.13505241103659724,0.3653008903172218,0.35558601881024543,0.1440606798359355
3,0.5566204062054816,0.06654480388785465,0.12041555443452101,0.25641923547214285,0.5566204062054816
0,0.5509248512709495,0.5509248512709495,0.28251415607550284,0.09119008134249579,0.07537091131105177
0,0.6503488668058072,0.6503488668058072,0.2106668039980489,0.08994388506588478,0.04904044413025917
0,0.5356758795353467,0.5356758795353467,0.36529888442666836,0.07116218877218117,0.027863047265803777
0,0.5511228727212824,0.5511228727212824,0.2911187493672896,0.09583954544889767,0.061918832462530576
2,0.4382509336320181,0.11376897094208034,0.1853497272725203,0.4382509336320181,0.2626303681533812
0,0.6501642371180684,0.6501642371180684,0.1876378874701428,0.09699436781294343,0.06520350759884547
0,0.5330576954886674,0.5330576954886674,0.28897625156865475,0.11057144505050928,0.06739460789216858
2,0.4176294972611553,0.09343759946180846,0.32930499780769024,0.4176294972611553,0.15962790546934616
1,0.3777322749933299,0.17786184378607306,0.3777322749933299,0.35574375963335636,0.08866212158724047
1,0.4125759443598136,0.24552925732377853,0.4125759443598136,0.21077280521857042,0.1311219930978374
2,0.4281736646177913,0.08109288512211038,0.39147912486571357,0.4281736646177913,0.09925432539438486
3,0.4387141912089511,0.08974295345650467,0.12048385926955146,0.3510589960649929,0.4387141912089511
2,0.5205481529551165,0.06741989866442663,0.14724445936902084,0.5205481529551165,0.26478748901143573
0,0.7819176631342895,0.7819176631342895,0.11453869390960855,0.059134172229694304,0.04440947072640781
1,0.49598828438798975,0.16946866989273815,0.49598828438798975,0.26161701312299696,0.07292603259627511
0,0.7016499468588503,0.7016499468588503,0.14251068938187564,0.09889701616138968,0.056942347597884274
0,0.6739982228685831,0.6739982228685831,0.20278694786036486,0.07922924993872853,0.04398557933232377
3,0.7070002935823093,0.02662239740201201,0.0956905628697156,0.17068674614596308,0.7070002935823093
2,0.44106267240404917,0.05130753452548814,0.13478772496021896,0.44106267240404917,0.3728420681102436
0,0.5266205902710902,0.5266205902710902,0.29937956856315234,0.11251976786276152,0.06148007330299582
3,0.5877054242489997,0.07736012384298054,0.09799973363389103,0.2369347182741285,0.5877054242489997
1,0.5401329453697159,0.18147235609674892,0.5401329453697159,0.17781253154873866,0.10058216698479674
2,0.5211584636744302,0.07718999279210731,0.20055033205239878,0.5211584636744302,0.20110121148106366
2,0.4877855105213266,0.08522796679644086,0.2174604423448795,0.4877855105213266,0.20952608033735287
1,0.46699613406601215,0.1412731213882037,0.46699613406601215,0.30399203442197414,0.08773871012381013
2,0.3630309848904718,0.13215559630754906,0.35402343987308305,0.3630309848904718,0.15078997892889587
3,0.7840450174430772,0.045791367642674656,0.048463034683044734,0.1217005802312035,0.7840450174430772
1,0.5235679898665144,0.20487862499237494,0.5235679898665144,0.20213477567915217,0.06941860946195832
1,0.48079204848432483,0.18904265505141324,0.48079204848432483,0.21253983516553082,0.11762546129873112
2,0.49165828694643204,0.0637437400180477,0.16150766268072045,0.49165828694643204,0.28309031035479976
2,0.5251548420178287,0.0535804398459089,0.21562780726457872,0.5251548420178287,0.2056369108716835
1,0.4787281692985652,0.2282168765919554,0.4787281692985652,0.20724151018126666,0.08581344392821265
2,0.5421076139031327,0.0678615426322345,0.15015241710557165,0.5421076139031327,0.23987842635906115
0,0.795413105382403,0.795413105382403,0.12575410002839932,0.05642705916595039,0.02240573542324709
